%YAML:1.0
---
camera_matrix: !!opencv-matrix
   rows: 3
   cols: 3
   dt: d
   data: [ 6.7600307131040131e+02, 0., 3.1853561054337763e+02, 0.,
       6.7930054777150133e+02, 3.2062704991473413e+02, 0., 0., 1. ]
distortion_coefficients: !!opencv-matrix
   rows: 1
   cols: 5
   dt: d
   data: [ -8.5151670937582802e-01, 2.3341807599489581e+01,
       2.0979227799146825e-02, -1.7626906188038690e-02,
       -1.7661797641046661e+02 ]
