%YAML:1.0
---
K: !!opencv-matrix
   rows: 3
   cols: 3
   dt: d
   data: [ 7.8394175330561222e+02, 0., 3.2926678228494228e+02, 0.,
       7.8086635215208389e+02, 2.2492024580402989e+02, 0., 0., 1. ]
D: !!opencv-matrix
   rows: 1
   cols: 5
   dt: d
   data: [ -2.2577808756852030e-02, 3.7602361126552164e-01,
       1.7155113563261820e-03, 9.1331418104135930e-03,
       2.0480387452938617e-01 ]
