%YAML:1.0
---
K: !!opencv-matrix
   rows: 3
   cols: 3
   dt: d
   data: [ 1.2871353759181786e+03, 0., 6.0507119366255370e+02, 0.,
       1.2903872635832793e+03, 3.2513561070905831e+02, 0., 0., 1. ]
D: !!opencv-matrix
   rows: 1
   cols: 5
   dt: d
   data: [ -7.1280466877560164e-02, -2.5006775925092282e-02,
       -1.2278678220838130e-02, -1.1129258717712231e-02,
       5.7732311212731089e+00 ]
